name: py36
channels:
  - pytorch
  - anaconda
  - defaults
dependencies:
  - bleach=3.1.0=py36_0
  - html5lib=0.9999999=py35_0
  - markdown=2.6.9=py35_0
  - protobuf=3.4.1=py35he6b9134_0
  - tensorflow-gpu=1.8.0
  - werkzeug=0.14.1=py35_0
  - bzip2=1.0.6=h6d464ef_2
  - ca-certificates=2019.1.23=0
  - cairo=1.14.12=h77bcde2_0
  - certifi=2019.3.9=py36_0
  - cffi=1.12.2=py36h2e261b9_1
  - decorator=4.4.0=py36_1
  - ffmpeg=3.4=h7264315_0
  - fontconfig=2.13.0=h9420a91_0
  - freetype=2.9.1=h8a8886c_1
  - glib=2.56.2=hd408876_0
  - graphite2=1.3.10=hf63cedd_1
  - harfbuzz=1.7.4=hc5b324e_0
  - hdf5=1.10.4=hb1b8bf9_0
  - icu=58.2=h9c2bf20_1
  - intel-openmp=2019.3=199
  - ipython=7.4.0=py36h39e3cac_0
  - ipython_genutils=0.2.0=py36_0
  - jasper=1.900.1=hd497a04_4
  - jedi=0.13.3=py36_0
  - jpeg=9b=h024ee3a_2
  - libedit=3.1.20181209=hc058e9b_0
  - libffi=3.2.1=hd88cf55_4
  - libgcc-ng=8.2.0=hdf63c60_1
  - libgfortran-ng=7.3.0=hdf63c60_0
  - libopus=1.2.1=hb9ed12e_0
  - libpng=1.6.36=hbc83047_0
  - libprotobuf=3.4.1=h5b8497f_0
  - libstdcxx-ng=8.2.0=hdf63c60_1
  - libtiff=4.0.10=h2733197_2
  - libvpx=1.6.1=h888fd40_0
  - libxcb=1.13=h1bed415_1
  - libxml2=2.9.9=he19cac6_0
  - ncurses=6.1=he6710b0_1
  - numpy=1.14.0=py35h3dfced4_1
  - olefile=0.46=py36_0
  - openssl=1.1.1b=h7b6447c_1
  - parso=0.3.4=py36_0
  - pcre=8.43=he6710b0_0
  - pexpect=4.6.0=py36_0
  - pickleshare=0.7.5=py36_0
  - pillow=5.4.1=py36h34e0f95_0
  - pip=19.0.3=py36_0
  - pixman=0.34.0=hceecf20_3
  - prompt_toolkit=2.0.9=py36_0
  - ptyprocess=0.6.0=py36_0
  - pycparser=2.19=py36_0
  - pygments=2.3.1=py36_0
  - python=3.6.8=h0371630_0
  - readline=7.0=h7b6447c_5
  - setuptools=41.0.0=py36_0
  - simplegeneric=0.8.1=py35h2ec4104_0
  - six=1.12.0=py36_0
  - sqlite=3.27.2=h7b6447c_0
  - tk=8.6.8=hbc83047_0
  - traitlets=4.3.2=py36_0
  - wcwidth=0.1.7=py36_0
  - wheel=0.33.1=py36_0
  - xz=5.2.4=h14c3975_4
  - zlib=1.2.11=h7b6447c_3
  - opencv3=3.1.0=py35_0
  - pytorch=1.0.1
  - torchvision
  - pip:
    - absl-py==0.7.1
    - atari-py==0.1.7
    - azure==1.0.3
    - azure-common==1.1.8
    - azure-mgmt==0.20.2
    - azure-mgmt-common==0.20.0
    - azure-mgmt-compute==0.20.1
    - azure-mgmt-network==0.20.1
    - azure-mgmt-nspkg==2.0.0
    - azure-mgmt-resource==0.20.1
    - azure-mgmt-storage==0.20.0
    - azure-nspkg==2.0.0
    - azure-servicebus==0.20.1
    - azure-servicemanagement-legacy==0.20.2
    - azure-storage==0.20.3
    - better-exceptions==0.2.1
    - chardet==3.0.4
    - click==7.0
    - cloudpickle==1.1.1
    - cycler==0.10.0
    - dill==0.2.9
    - enum34==1.1.6
    - future==0.17.1
    - futures==3.1.1
    - gym==0.12.1
    - git+https://github.com/hyperopt/hyperopt.git
    - idna==2.8
    - joblib==0.13.2
    - matplotlib==3.1.0
    - mpi4py==3.0.1
    - pandas==0.24.2
    - progressbar2==3.34.3
    - pybullet==2.5.0
    - pyglet==1.3.2
    - pyopengl==3.1.0
    - pyparsing==2.4.0
    - pytest==3.5.0
    - pytest-cov==2.5.1
    - python-dateutil==2.6.1
    - python-utils==2.2.0
    - pytz==2019.1
    - pyyaml==5.1
    - pyzmq==17.0.0
    - requests==2.21.0
    - seaborn==0.9.0
    - scikit-learn==0.19.1
    - scipy==1.2.1
    - stable-baselines==2.5.1
    - termcolor==1.1.0
    - torchfile==0.1.0
    - tornado==4.5.3
    - tqdm==4.31.1
    - urllib3==1.24.3
    - visdom==0.1.8.8
    - zmq==0.0.0
    - cma==2.7.0
    - h5py==2.8.0rc1
    - Box2D==2.3.2
